0 0.760668 0.071541 0.055176 0.097917
0 0.098930 0.476191 0.067236 0.162168
0 0.316802 0.567068 0.042089 0.162668
0 0.304487 0.722860 0.064666 0.142782
0 0.261360 0.670235 0.053920 0.121869
0 0.083403 0.627140 0.050553 0.159101
0 0.138051 0.630713 0.057251 0.134636
0 0.178995 0.594001 0.039009 0.147889
0 0.098259 0.749565 0.055944 0.106633
0 0.123051 0.830720 0.084178 0.116790
0 0.162290 0.781712 0.062872 0.158602
0 0.209752 0.749337 0.052125 0.156049
0 0.230151 0.832703 0.072907 0.106576
0 0.204131 0.372418 0.071364 0.110656
0 0.157566 0.928631 0.108557 0.107589
0 0.724835 0.936270 0.075169 0.115649
0 0.701737 0.879358 0.048686 0.140143
0 0.323859 0.416377 0.066210 0.144308
0 0.432617 0.688188 0.045937 0.149415
0 0.392326 0.715728 0.079296 0.119843
0 0.096597 0.139615 0.082154 0.112611
0 0.180793 0.137275 0.074422 0.110670
0 0.251622 0.153345 0.063647 0.135649
0 0.358503 0.146462 0.057739 0.109130
0 0.407394 0.244779 0.050811 0.164708
0 0.333615 0.204337 0.074681 0.127989
0 0.132286 0.228459 0.050043 0.167275
0 0.086608 0.259308 0.047990 0.212653
0 0.158083 0.291434 0.059024 0.126976
0 0.218772 0.254208 0.056712 0.138203
0 0.620136 0.585934 0.049275 0.161655
0 0.276001 0.300107 0.048500 0.157589
0 0.721529 0.424486 0.052864 0.152482
0 0.841246 0.368131 0.035154 0.064251
0 0.814688 0.309237 0.065183 0.091284
0 0.781938 0.169558 0.062872 0.101997
0 0.395370 0.981120 0.040574 0.037760
0 0.153241 0.990014 0.096260 0.019971
0 0.771490 0.867090 0.048378 0.146305
0 0.588600 0.495877 0.071342 0.092297
0 0.343869 0.934807 0.092764 0.130385
0 0.795510 0.797332 0.079174 0.091241
0 0.086504 0.035770 0.044910 0.071541
0 0.139874 0.032710 0.073676 0.065421
0 0.238546 0.047753 0.077523 0.095506
0 0.441924 0.034494 0.066490 0.068987
0 0.156027 0.466220 0.043884 0.100514
