0 0.170877 0.795803 0.048681 0.151440
0 0.764120 0.015859 0.036181 0.031717
0 0.364587 0.030734 0.053725 0.061468
0 0.229880 0.055637 0.086819 0.111274
0 0.176159 0.051620 0.057928 0.103241
0 0.128279 0.043587 0.060123 0.087175
0 0.091370 0.048130 0.068899 0.096260
0 0.244678 0.962673 0.070457 0.074654
0 0.109594 0.935353 0.057899 0.116524
0 0.135801 0.956572 0.063819 0.086856
0 0.177417 0.960429 0.059080 0.079141
0 0.378884 0.966794 0.056551 0.066413
0 0.355989 0.904924 0.069500 0.132175
0 0.727775 0.943428 0.057159 0.104418
0 0.732351 0.794349 0.063790 0.083906
0 0.762511 0.820000 0.044529 0.120720
0 0.800091 0.841129 0.040732 0.129155
0 0.824877 0.800693 0.048000 0.131579
0 0.865772 0.812756 0.049572 0.123130
0 0.788569 0.183726 0.054370 0.095180
0 0.744210 0.192133 0.056957 0.114681
0 0.725236 0.262209 0.050804 0.137271
0 0.781728 0.619231 0.067630 0.096579
0 0.810330 0.697320 0.065790 0.095609
0 0.639580 0.596053 0.051754 0.128670
0 0.629322 0.341981 0.055123 0.142632
0 0.445812 0.211323 0.075261 0.093560
0 0.411551 0.319058 0.054739 0.170000
0 0.089431 0.150609 0.065239 0.117008
0 0.154489 0.152355 0.083877 0.126094
0 0.235540 0.164654 0.071877 0.111191
0 0.101453 0.240921 0.085428 0.105942
0 0.172645 0.220402 0.058174 0.134183
0 0.236917 0.272348 0.073906 0.138740
0 0.203036 0.344231 0.050435 0.124917
0 0.148761 0.360159 0.059870 0.161787
0 0.092949 0.361627 0.057014 0.142922
0 0.091087 0.489675 0.058116 0.127410
0 0.136152 0.503276 0.068420 0.137936
0 0.100964 0.601759 0.064493 0.134127
0 0.326779 0.456544 0.072659 0.106690
0 0.344409 0.569488 0.071601 0.119197
0 0.272438 0.638116 0.064500 0.071468
0 0.154283 0.660783 0.057652 0.151898
0 0.097192 0.694453 0.060790 0.123781
0 0.116007 0.779709 0.068942 0.144404
0 0.814333 0.015229 0.038377 0.030457
0 0.209293 0.683892 0.054993 0.125789
0 0.225029 0.810111 0.060522 0.135291
0 0.261268 0.735194 0.075261 0.121773
0 0.300989 0.800582 0.067399 0.125789
0 0.362040 0.752320 0.074761 0.116690
0 0.791859 0.067133 0.058326 0.113601
