0 0.330315 0.483592 0.058214 0.097241
0 0.131179 0.045686 0.090369 0.091373
0 0.211804 0.057003 0.068814 0.114006
0 0.306844 0.010231 0.056349 0.020462
0 0.278489 0.055070 0.077122 0.110140
0 0.751088 0.037465 0.049074 0.074930
0 0.155105 0.917199 0.071410 0.054902
0 0.219262 0.975056 0.065134 0.049888
0 0.360658 0.983053 0.043095 0.033894
0 0.416547 0.983557 0.044201 0.032885
0 0.825087 0.835070 0.043391 0.116190
0 0.807422 0.921814 0.054816 0.095616
0 0.776652 0.883866 0.051439 0.105126
0 0.796012 0.775980 0.056349 0.082493
0 0.160904 0.965602 0.059942 0.068796
0 0.428514 0.897220 0.065994 0.154104
0 0.743821 0.800224 0.051157 0.114678
0 0.844443 0.348466 0.043709 0.086345
0 0.818369 0.291884 0.038735 0.109818
0 0.776602 0.287682 0.046088 0.131611
0 0.734407 0.355567 0.064273 0.090574
0 0.738409 0.435021 0.051063 0.131190
0 0.698160 0.434804 0.049335 0.147535
0 0.741761 0.516541 0.056045 0.096415
0 0.773030 0.551940 0.048474 0.113627
0 0.090781 0.154818 0.074678 0.116527
0 0.153207 0.166765 0.052386 0.139580
0 0.093388 0.238417 0.066862 0.098543
0 0.190871 0.215168 0.068380 0.137479
0 0.248854 0.226905 0.054989 0.161793
0 0.342354 0.284818 0.074555 0.116695
0 0.384422 0.326569 0.047542 0.158936
0 0.168500 0.329384 0.053919 0.141457
0 0.112332 0.322577 0.068163 0.139720
0 0.096009 0.392955 0.079161 0.117703
0 0.181482 0.403606 0.057527 0.084524
0 0.095597 0.501660 0.082444 0.112339
0 0.136276 0.512115 0.056471 0.141709
0 0.092997 0.608501 0.076175 0.108151
0 0.162675 0.655238 0.072061 0.123221
0 0.102842 0.717248 0.070976 0.116569
0 0.108015 0.813375 0.064273 0.125742
0 0.175423 0.754069 0.077469 0.111919
0 0.169689 0.846282 0.077252 0.088445
0 0.259002 0.764216 0.083977 0.117787
0 0.300658 0.815350 0.079002 0.113585
0 0.348384 0.730266 0.052372 0.147115
0 0.277939 0.647696 0.055633 0.096821
0 0.323814 0.563438 0.059964 0.095980
0 0.378670 0.518389 0.080087 0.113165
0 0.315155 0.390546 0.060824 0.089692
